5.657590866088867188e+00 6.622967243194580078e+00 6.622967243194580078e+00 1.243760585784912109e+01 2.573512554168701172e+00 5.657590866088867188e+00 6.622967243194580078e+00 1.062467765808105469e+01 6.622967243194580078e+00 1.455988216400146484e+01 9.076004028320312500e+00 9.076004028320312500e+00
1.243760585784912109e+01 6.622967243194580078e+00 9.076004028320312500e+00 6.622967243194580078e+00 5.657590866088867188e+00 6.622967243194580078e+00 1.062467765808105469e+01 6.622967243194580078e+00 9.076004028320312500e+00 6.622967243194580078e+00 1.995262145996093750e+01 5.657590866088867188e+00
7.753068923950195312e+00 1.062467765808105469e+01 1.062467765808105469e+01 6.622967243194580078e+00 7.753068923950195312e+00 1.995262145996093750e+01 6.622967243194580078e+00 1.995262145996093750e+01 6.622967243194580078e+00 6.622967243194580078e+00 5.657590866088867188e+00 1.243760585784912109e+01
7.753068923950195312e+00 1.243760585784912109e+01 1.704428863525390625e+01 6.622967243194580078e+00 7.753068923950195312e+00 7.753068923950195312e+00 1.243760585784912109e+01 9.076004028320312500e+00 1.995262145996093750e+01 6.622967243194580078e+00 1.243760585784912109e+01 1.455988216400146484e+01
1.062467765808105469e+01 9.076004028320312500e+00 1.062467765808105469e+01 6.622967243194580078e+00 9.076004028320312500e+00 1.062467765808105469e+01 7.753068923950195312e+00 1.243760585784912109e+01 1.995262145996093750e+01 6.622967243194580078e+00 1.455988216400146484e+01 7.753068923950195312e+00
7.753068923950195312e+00 9.076004028320312500e+00 1.995262145996093750e+01 1.995262145996093750e+01 9.076004028320312500e+00 9.076004028320312500e+00 6.622967243194580078e+00 1.062467765808105469e+01 6.622967243194580078e+00 1.995262145996093750e+01 1.243760585784912109e+01 7.753068923950195312e+00
9.076004028320312500e+00 6.622967243194580078e+00 6.622967243194580078e+00 1.062467765808105469e+01 9.076004028320312500e+00 9.076004028320312500e+00 1.995262145996093750e+01 1.455988216400146484e+01 9.076004028320312500e+00 9.076004028320312500e+00 1.243760585784912109e+01 1.995262145996093750e+01
1.704428863525390625e+01 6.622967243194580078e+00 1.062467765808105469e+01 9.076004028320312500e+00 6.622967243194580078e+00 6.622967243194580078e+00 9.076004028320312500e+00 7.753068923950195312e+00 1.455988216400146484e+01 1.995262145996093750e+01 9.076004028320312500e+00 1.062467765808105469e+01
1.062467765808105469e+01 7.753068923950195312e+00 9.076004028320312500e+00 9.076004028320312500e+00 1.995262145996093750e+01 7.753068923950195312e+00 1.455988216400146484e+01 7.753068923950195312e+00 1.062467765808105469e+01 9.076004028320312500e+00 6.622967243194580078e+00 1.062467765808105469e+01
7.753068923950195312e+00 1.995262145996093750e+01 7.753068923950195312e+00 1.995262145996093750e+01 1.704428863525390625e+01 1.704428863525390625e+01 1.455988216400146484e+01 9.076004028320312500e+00 1.995262145996093750e+01 1.062467765808105469e+01 9.076004028320312500e+00 7.753068923950195312e+00
1.455988216400146484e+01 1.243760585784912109e+01 1.704428863525390625e+01 1.704428863525390625e+01 1.243760585784912109e+01 7.753068923950195312e+00 9.076004028320312500e+00 1.455988216400146484e+01 1.062467765808105469e+01 9.076004028320312500e+00 1.995262145996093750e+01 1.062467765808105469e+01
1.995262145996093750e+01 1.995262145996093750e+01 1.704428863525390625e+01 1.995262145996093750e+01 1.995262145996093750e+01 1.995262145996093750e+01 1.995262145996093750e+01 1.995262145996093750e+01 1.995262145996093750e+01 1.995262145996093750e+01 1.995262145996093750e+01 1.995262145996093750e+01
